FBK 50 W18 1e15 FNAL 16ch board
82.64734539317497, 97.43836833873792, 118.74006033064386, 141.90581844755792, 153.42788869791895, 165.85780000872865, 176.11729333993068, 193.09223019861318, 206.6653451012469
14.595638408765728, 17.359168228245284, 21.121739790976033, 25.2249297707238, 27.26266076038418, 29.533664289115855, 31.435968406808772, 34.4037457453303, 37.065291523343966
410.0, 430.0, 450.0, 470.0, 480.0, 490.0, 500.0, 510.0, 520.0
FBK 50 W18 1e15 FNAL 16ch board
165.91755937316663, 158.68164296948183, 151.7861363243782, 141.32196355622258, 134.40347560912457, 125.32801511050435, 116.24785372117253, 107.83364089904643, 99.69963530614385, 90.83504064035274, 76.7694644873723, 65.344758436392
23.57241199390426, 22.49860812464758, 21.44911009508372, 20.018952998639598, 19.093029286223196, 17.742442306287515, 16.55949412749896, 15.387754146626063, 14.32071610437155, 13.141740126856211, 11.265709564831774, 9.56518088355911
520.0, 510.0, 500.0, 490.0, 480.0, 470.0, 460.0, 450.0, 440.0, 430.0, 410.0, 390.0
IHEP 17 W7 1e15 FNAL
68.73812993193499, 84.89772720495108, 94.50201680211413, 116.29323304838807, 140.13709452612116, 165.61315343532627
11.145963029403381, 13.589347060166014, 17.612896694682377, 18.697709094045386, 22.58379599096807, 26.169010964336177
360.0, 380.0, 400.0, 410.0, 430.0, 450.0
IHEP 17 W7 1e15 UCSC board
114.9074632126478, 109.26308324791395, 102.65307006410328, 93.47790095034256, 85.35799111180945, 78.52114074472372, 70.63319580238638, 65.25392943028146, 60.382220262349136, 56.874070737920405, 50.91641928965116
15.43366592144729, 14.658349475780167, 13.802866274713466, 12.57882679711694, 11.502978193120938, 10.646672921233005, 9.73760348218887, 9.02943669925022, 8.491294272444708, 8.145574992594765, 7.761559958963186
440.0, 430.0, 420.0, 410.0, 400.0, 390.0, 380.0, 370.0, 360.0, 350.0, 330.0