60450-60470	-400	-400	8.5e-06	-1	-1	-999 ##bias 378 
60471-60490	-410	-410	1.0e-05	-1	-1	-999 ##bias 379 
60491-60510	-420	-420	1.1e-05	-1	-1	-999 ##bias 380 
60511-60531	-430	-430	1.25e-05	-1	-1	-999 ##bias 381 
60532-60552	-440	-440	1.4e-05	-1	-1	-999 ##bias 382 
60553-60572	-450	-450	1.6e-05	-1	-1	-999 ##bias 383 
60573-60594	-460	-460	1.8e-05	-1	-1	-999 ##bias 384 
60595-60614	-470	-470	2.1e-05	-1	-1	-999 ##bias 385 
60615-60637	-480	-480	2.45e-05	-1	-1	-999 ##bias 386 
60638-60657	-490	-490	2.85e-05	-1	-1	-999 ##bias 387 
60658-60677	-500	-500	3.35e-05	-1	-1	-999 ##bias 388 
60678-60693	 -510	-510	3.90e-05	-1	  -1	  -999 ##bias 389
60694-60710	 -520	-520	4.65e-05	-1	  -1	  -999 ##bias 370
#IHEP 14