60450-60470	-450	-450	-1	-1	-999 ##bias 378 
60470-60491	-460	-460	-1	-1	-999 ##bias 379 
60492-60510	-470	-470	-1	-1	-999 ##bias 380 
60511-60531	-480	-480	-1	-1	-999 ##bias 381
60532-60552	-490	-490	-1	-1	-999 ##bias 382
60553-60572	-500	-500	-1	-1	-999 ##bias 383
60573-60594	-510	-510	-1	-1	-999 ##bias 384
60595-60614	-520	-520	-1	-1	-999 ##bias 385
60615-60637	-530	-530	-1	-1	-999 ##bias 386
60638-60657	-540	-540	-1	-1	-999 ##bias 387
60658-60677	-550	-550	-1	-1	-999 ##bias 388
60678-60693	-550	-550	-1	-1	-999 ##bias 389
60694-60710	-550	-550	-1	-1	-999 ##bias 370
#FBK 29
