60638-60657	-460	-460	-1	-1	-999 ##bias 387 
60615-60637	-470	-470	-1	-1	-999 ##bias 386 
60595-60614	-480	-480	-1	-1	-999 ##bias 385 
60573-60594	-490	-490	-1	-1	-999 ##bias 384 
60450-60470	-500	-500	-1	-1	-999 ##bias 378 
60471-60490	-510	-510	-1	-1	-999 ##bias 379
60491-60510	-520	-520	-1	-1	-999 ##bias 380
60511-60531	-530	-530	-1	-1	-999 ##bias 381
60532-60552	-540	-540	-1	-1	-999 ##bias 382
60658-60678	-550	-550	-1	-1	-999 ##bias 388
60678-60693     -550    -550    -1      -1      -999 ##bias 389
60693-60714     -550    -550    -1      -1      -999 ##bias 370
#IHEP 8
